500 500
100
469 256 0
400 0 -6
71 34 -6
29 471 25
481 267 -30
436 395 -11
465 490 27
239 178 5
11 372 6
46 205 37
311 104 34
63 252 24
25 164 16
449 182 19
287 123 0
299 340 -28
15 163 -1
69 239 -14
264 380 26
431 357 -12
12 205 22
326 380 -8
57 0 -30
87 328 39
149 342 23
264 168 9
462 248 15
208 216 29
284 324 22
435 480 38
115 228 -24
148 431 36
182 86 25
162 349 5
294 322 34
177 216 -6
195 80 -24
119 272 40
114 383 -36
384 119 -8
146 68 -25
381 460 31
416 490 -28
31 475 9
273 332 -28
344 337 -30
75 101 -28
190 303 2
329 110 11
430 499 4
439 227 -11
371 148 21
188 456 -33
171 63 4
25 58 -33
363 440 8
48 137 11
380 197 -29
213 361 14
44 461 -16
282 184 -4
189 42 -38
303 206 8
182 245 -34
433 357 -4
162 395 27
423 77 1
177 457 26
7 426 -16
379 371 5
249 39 -4
498 52 -9
476 457 -19
289 387 -18
444 414 40
338 359 6
277 32 -27
437 192 -25
7 85 -31
189 258 25
253 119 -23
363 315 11
98 306 12
16 227 20
19 480 10
243 81 19
93 362 40
309 317 0
480 157 13
167 247 5
442 409 8
494 379 30
268 24 -2
0 26 -6
453 27 -1
80 305 14
222 275 -16
461 133 -21
341 310 0
50 364 -38
1000
334 83 6 6
134 411 4 6
107 310 5 8
250 310 2 8
396 379 4 4
319 97 3 8
71 369 3 8
168 298 6 4
444 79 7 6
125 124 2 1
408 223 1 5
489 109 4 7
310 442 5 4
95 166 9 2
208 159 1 5
379 397 4 6
282 274 5 7
29 2 5 4
450 223 5 9
337 272 5 10
470 174 7 2
316 341 5 2
11 389 2 10
334 200 10 9
242 291 9 4
179 214 7 5
282 467 6 10
442 21 7 5
9 69 9 5
226 8 8 1
294 498 5 2
220 293 9 5
284 35 5 9
356 268 6 9
259 342 5 6
189 170 9 10
0 1 8 2
26 12 4 3
309 476 8 8
290 120 9 8
430 363 6 9
109 87 7 3
91 5 3 8
257 216 3 6
38 44 8 9
55 343 10 7
310 452 1 9
412 466 2 9
271 421 3 1
196 456 4 10
72 26 9 9
243 471 5 6
421 130 10 1
220 275 1 7
304 295 5 6
180 193 1 5
127 213 9 9
74 452 5 6
68 195 9 8
263 215 1 1
376 309 5 3
255 380 3 4
313 476 6 1
291 92 9 3
4 199 6 6
333 359 3 5
14 353 4 4
62 173 1 9
317 365 5 6
467 460 6 6
6 233 8 8
134 162 9 3
199 122 3 10
152 376 9 8
198 195 8 2
92 211 5 6
40 448 9 4
235 147 7 1
338 160 4 1
27 233 3 4
347 239 8 8
489 257 1 9
288 444 3 5
249 472 1 2
310 42 10 4
267 45 1 9
34 159 6 10
197 268 3 1
403 368 10 1
205 363 3 2
28 64 5 5
231 438 10 10
57 160 1 4
425 255 3 5
287 285 6 1
409 93 6 5
387 59 2 7
326 245 2 9
364 208 7 8
164 137 10 4
360 233 4 5
85 363 5 3
452 11 9 1
237 469 5 2
47 107 9 1
69 16 4 9
19 400 5 8
433 353 3 1
269 295 9 7
166 156 4 10
383 382 7 1
64 55 1 5
360 126 2 7
405 306 6 9
57 372 2 10
48 338 7 8
130 165 6 2
407 325 2 3
469 454 3 3
52 353 2 5
199 376 2 5
19 249 9 8
458 111 10 8
177 157 6 2
83 308 3 4
62 402 3 2
129 45 10 5
457 340 8 7
329 264 1 2
287 55 3 1
339 312 9 4
119 170 3 2
219 222 1 2
54 133 5 2
482 19 4 3
265 43 3 4
341 105 9 6
35 211 8 9
252 350 6 10
479 81 6 10
37 496 1 7
376 59 3 4
218 459 3 8
313 140 7 2
375 26 10 1
478 415 4 8
383 173 10 4
132 9 3 7
39 32 8 2
54 482 7 1
249 354 2 10
300 494 7 7
468 304 10 5
386 460 8 3
101 249 8 2
114 288 8 8
61 487 6 8
268 34 5 7
403 101 9 9
428 395 1 2
475 487 1 9
423 283 6 7
271 430 10 9
115 133 8 1
404 480 2 6
398 292 8 3
486 161 3 4
284 213 10 2
408 240 7 8
450 305 10 4
10 51 3 2
119 230 10 3
446 313 3 9
217 137 9 3
172 103 1 6
400 401 10 2
341 282 10 7
146 352 3 8
373 406 4 8
188 328 6 5
443 161 4 8
491 237 6 8
357 294 1 6
281 223 3 8
214 100 4 9
447 439 3 8
49 184 9 2
216 324 6 8
181 138 5 7
56 499 10 10
452 331 4 10
364 65 10 1
471 152 4 1
433 190 8 7
179 239 9 1
157 315 9 1
331 59 1 5
348 430 4 1
375 405 1 6
350 327 10 4
429 249 9 3
499 126 2 2
377 315 7 7
391 129 1 5
3 236 5 10
156 330 7 6
242 114 6 2
405 273 6 2
35 55 6 6
124 144 5 7
109 113 6 10
324 481 5 9
175 463 4 9
65 299 6 10
161 314 1 9
33 283 3 2
72 161 10 4
122 84 3 2
47 409 10 5
443 49 1 2
417 80 2 6
325 293 2 10
167 448 9 8
136 361 5 1
153 294 2 7
406 457 4 6
323 245 3 8
396 350 8 6
301 400 7 2
436 264 9 8
42 39 2 5
470 456 5 10
108 119 9 7
163 298 4 5
252 414 10 3
45 30 3 1
368 37 7 7
470 121 5 7
494 438 8 6
234 398 10 8
410 96 7 9
290 435 5 3
449 174 8 5
157 369 1 2
425 244 8 5
155 403 2 7
157 31 5 2
106 447 5 8
88 81 2 3
422 193 5 7
413 66 10 7
416 289 3 8
393 465 5 7
161 132 3 9
376 200 9 10
116 244 3 10
257 424 5 5
393 267 6 7
153 186 1 8
363 341 10 6
310 327 9 6
246 144 5 3
143 260 3 5
487 282 5 7
82 288 3 8
314 135 1 9
389 290 9 4
380 32 9 8
87 238 6 7
428 0 7 5
498 4 4 10
402 328 7 8
14 76 1 10
73 117 1 4
63 224 8 9
108 198 4 8
477 52 7 5
271 430 7 7
364 247 7 8
411 240 6 2
420 477 9 6
221 360 4 10
352 334 2 7
31 18 10 10
355 123 1 6
333 460 7 2
246 163 4 7
200 358 3 3
155 116 5 9
210 477 8 7
241 380 10 6
295 213 10 6
220 127 2 9
185 214 1 6
232 383 6 3
245 131 3 9
76 164 5 4
4 236 5 6
107 190 2 2
193 164 4 2
255 345 10 9
158 81 6 3
476 329 1 2
324 487 5 3
70 464 9 9
274 342 2 9
227 423 9 1
68 132 6 7
11 279 6 2
193 387 1 2
72 81 5 1
366 245 8 8
342 285 9 6
326 151 2 2
237 144 8 6
192 474 10 8
195 473 10 1
465 406 8 4
276 458 3 9
400 388 9 5
426 342 10 7
226 149 2 2
259 371 7 7
480 241 9 2
81 5 6 8
90 116 4 8
323 498 1 8
226 436 6 2
298 223 9 7
341 17 8 10
124 176 2 6
92 68 7 3
283 299 2 5
229 221 7 3
236 464 7 1
398 215 6 4
237 318 6 5
44 209 1 10
309 276 8 9
64 246 5 1
249 439 1 2
477 335 6 4
216 60 1 10
362 172 10 3
237 397 4 2
146 309 5 3
197 297 6 2
292 298 8 1
443 359 2 2
259 481 7 1
181 484 9 3
16 429 8 1
149 422 7 10
237 72 9 6
153 266 1 4
23 197 2 2
6 239 1 9
438 411 6 7
254 391 2 1
489 175 7 7
403 304 6 3
161 392 9 4
15 289 2 9
10 247 8 1
440 158 5 6
288 257 10 9
326 125 9 6
138 278 6 5
467 196 6 7
488 439 6 6
396 332 10 2
149 111 2 5
351 211 5 9
210 208 7 3
242 310 1 10
193 462 4 5
84 314 10 9
113 420 8 9
74 298 9 3
488 314 4 7
221 39 7 6
306 32 10 8
493 494 6 3
136 243 10 6
352 223 4 5
370 486 1 4
459 125 4 3
20 171 6 8
222 34 7 3
17 212 7 3
371 61 1 9
330 114 4 8
461 478 9 4
387 197 3 9
318 384 6 5
61 296 8 4
378 4 9 10
466 483 4 3
351 40 10 7
87 352 8 1
199 481 7 1
280 261 2 7
173 255 8 4
171 471 3 9
9 413 3 8
480 116 10 5
130 81 8 4
231 400 6 3
486 3 8 10
319 34 3 7
133 271 4 9
382 171 8 10
54 223 3 5
128 11 7 2
16 94 10 9
381 228 4 6
311 63 7 9
397 422 2 4
160 223 8 3
478 412 9 5
108 307 3 2
140 412 1 1
142 214 2 2
250 129 4 6
358 244 6 7
68 154 2 4
372 424 10 9
153 411 7 8
78 457 8 9
466 395 4 5
435 412 6 6
369 43 6 7
353 333 2 7
498 257 6 7
358 335 10 2
443 456 4 5
398 399 1 7
497 214 2 2
203 474 1 7
248 376 9 1
87 22 5 1
348 260 10 1
85 260 7 2
351 475 3 7
57 289 3 10
415 315 4 5
116 287 4 6
50 334 10 9
464 39 9 2
137 198 10 4
42 14 5 9
78 57 4 5
1 38 5 4
259 477 1 4
274 20 8 9
121 12 7 4
22 321 4 9
36 339 2 1
493 417 4 2
223 486 10 9
95 325 3 2
121 21 8 9
253 447 4 1
372 107 1 2
221 463 9 5
461 93 3 3
69 346 5 3
42 160 7 2
183 187 1 5
3 393 5 1
176 91 5 2
360 144 4 10
179 324 5 8
192 462 7 7
448 215 6 7
221 474 10 3
444 191 2 6
149 184 8 4
231 361 7 7
205 67 7 8
25 314 1 6
9 413 6 4
259 299 4 10
166 274 7 1
154 410 3 4
328 308 3 7
375 302 4 2
343 178 9 6
32 145 7 5
381 237 5 8
329 361 9 8
83 67 6 7
311 57 7 4
438 467 9 2
157 159 8 10
107 420 4 8
127 448 9 8
224 116 3 2
97 207 8 3
115 183 5 9
179 121 1 4
332 442 2 1
317 246 10 6
183 307 6 2
171 421 6 6
154 497 2 4
343 50 1 5
84 65 9 9
79 262 1 10
332 171 4 8
160 470 4 10
83 173 3 2
5 398 9 4
420 411 2 4
135 122 4 10
261 303 3 6
180 492 8 6
17 310 8 5
218 378 4 2
138 301 10 1
293 419 1 4
476 58 10 5
44 496 5 8
313 326 8 7
296 96 8 4
64 19 1 4
252 183 2 5
247 66 4 5
371 446 7 5
372 431 4 10
110 405 8 1
308 479 8 4
10 118 8 2
391 339 2 8
116 320 5 3
164 40 3 9
144 193 9 10
423 147 2 4
393 470 5 2
422 55 1 9
460 412 9 7
470 186 5 9
240 376 8 1
133 414 7 4
390 143 10 9
101 63 6 6
391 196 5 1
326 119 1 5
268 490 4 7
46 412 3 1
228 147 5 8
379 279 5 1
462 403 6 8
354 290 10 5
125 99 2 3
265 244 7 2
439 231 9 10
24 85 2 6
333 238 5 3
160 424 6 2
383 397 7 5
360 399 5 7
355 383 8 6
141 76 5 5
60 428 4 8
180 53 4 8
202 488 10 9
367 419 6 10
196 235 6 4
131 399 5 5
274 304 7 5
6 345 2 6
475 66 9 10
255 236 6 8
51 356 4 10
72 426 8 2
407 177 8 7
240 254 7 7
186 464 6 2
315 300 6 10
138 14 8 9
173 410 3 4
224 212 6 2
268 446 1 2
169 151 9 5
429 227 3 3
350 366 7 3
304 211 1 9
412 154 4 6
428 129 2 7
345 391 5 4
214 422 5 9
468 274 6 5
329 353 4 5
206 110 9 8
82 75 6 8
215 29 3 3
394 456 3 9
377 283 5 4
278 399 10 8
35 71 10 4
314 294 4 5
77 285 3 7
360 467 1 7
297 40 5 8
53 41 1 8
408 189 1 8
308 377 3 7
14 460 5 7
372 499 9 1
217 163 10 6
330 98 3 5
253 374 6 6
425 220 7 5
55 427 4 4
124 141 5 6
349 115 8 6
208 142 9 10
234 195 3 10
113 110 3 4
88 349 4 6
185 447 8 1
476 188 7 2
17 268 4 6
304 389 2 8
338 135 3 2
149 334 9 4
138 241 5 1
473 450 1 6
101 422 2 10
329 470 9 7
70 409 10 4
157 38 5 5
478 437 6 5
167 190 2 7
213 238 6 8
429 414 9 1
250 367 3 9
14 344 6 3
157 400 2 5
189 104 1 7
200 444 6 8
111 215 3 9
468 417 9 6
412 332 7 5
148 432 3 2
310 488 9 10
329 69 6 5
233 402 8 7
311 386 8 6
287 137 1 7
164 254 10 5
116 326 7 10
191 347 5 5
347 16 7 3
216 232 4 7
184 326 6 1
146 89 5 8
182 371 3 6
356 325 6 9
46 116 10 6
220 336 9 7
253 440 4 5
70 382 9 10
166 61 7 3
244 85 8 5
5 183 10 4
165 121 7 6
89 43 1 4
468 222 2 2
157 228 4 10
406 292 5 2
105 342 4 6
489 262 5 6
377 398 9 10
50 416 6 3
450 362 6 10
80 340 5 5
22 176 9 4
483 80 5 3
210 360 1 2
326 154 10 1
277 324 3 4
315 106 4 2
375 474 2 8
183 26 7 5
88 107 3 1
211 423 3 4
459 122 9 2
13 136 9 6
194 15 2 6
490 396 1 7
461 174 3 7
47 17 10 3
448 212 8 1
298 278 10 1
97 354 10 7
154 310 9 2
211 158 1 5
183 260 3 2
122 15 6 9
205 414 3 6
181 176 9 3
424 352 6 9
417 60 2 4
457 276 5 3
208 152 6 8
447 314 10 2
131 176 10 10
190 256 4 1
12 317 6 6
311 344 4 3
353 163 1 8
230 174 1 6
362 350 5 7
443 240 8 10
41 402 9 6
1 141 6 4
370 144 5 1
218 159 10 3
456 454 1 8
394 13 7 6
290 153 1 4
54 32 5 4
1 295 4 5
459 299 6 10
154 294 8 2
155 427 8 9
332 168 9 5
389 435 10 6
474 403 2 10
481 83 4 2
177 19 5 10
296 327 2 1
51 266 4 6
295 109 4 8
157 145 1 4
269 433 5 10
464 186 3 1
69 437 6 9
452 125 8 8
422 175 4 8
261 107 3 8
282 201 2 4
207 49 10 6
362 276 10 9
384 366 9 7
153 103 6 6
473 110 10 2
5 274 7 5
392 475 3 2
143 269 5 4
379 88 5 3
181 480 2 6
320 242 6 6
353 190 5 8
329 465 4 1
137 406 4 3
184 251 6 3
112 46 6 6
488 450 8 8
360 171 6 4
325 441 10 6
66 278 5 10
343 224 7 7
312 325 8 5
14 88 5 10
199 276 3 4
494 257 7 2
175 486 2 5
445 237 7 4
458 56 4 6
111 99 9 3
172 465 1 6
89 3 1 10
389 1 5 3
192 414 9 8
353 298 9 3
110 216 1 2
155 449 6 6
372 127 2 8
466 302 8 5
276 383 5 8
201 41 7 6
378 389 10 2
336 492 1 5
74 22 6 8
79 454 5 5
59 129 6 8
51 80 4 7
133 147 8 7
112 455 9 4
42 65 8 9
67 322 6 3
321 220 2 10
237 48 9 7
175 10 7 9
195 403 10 3
374 309 9 8
286 291 3 2
394 241 2 7
68 50 5 3
392 40 6 3
240 14 4 3
391 439 6 9
231 138 6 3
331 15 4 4
205 234 8 9
196 468 9 8
22 104 7 3
109 7 1 2
135 238 6 6
91 376 2 6
192 10 2 6
354 360 1 5
123 159 9 8
86 235 1 2
162 477 7 6
407 319 2 9
84 131 4 8
299 162 1 4
155 421 5 1
7 173 6 5
374 7 9 5
227 358 4 6
18 360 9 3
442 8 3 5
323 357 6 2
417 393 7 10
28 363 10 7
447 178 1 6
157 341 3 9
240 362 2 4
315 306 10 5
351 328 10 9
146 444 10 5
222 419 10 3
158 469 4 8
104 13 9 4
122 228 2 2
290 465 9 5
261 306 5 10
489 11 9 3
69 113 4 1
410 88 10 3
112 494 9 8
335 426 4 5
408 418 3 5
0 196 9 3
234 206 2 8
121 106 2 10
482 419 4 4
179 382 10 7
484 215 10 7
116 407 5 10
240 313 1 3
201 66 5 6
108 399 9 7
454 483 6 9
60 401 5 1
373 202 7 3
440 176 6 9
94 436 5 7
448 41 5 5
468 481 5 5
416 455 4 6
450 72 3 4
283 319 8 8
336 336 5 10
206 97 4 4
275 154 10 9
411 83 5 7
301 143 1 2
463 53 8 8
48 183 1 7
227 101 8 7
354 245 2 4
91 314 7 9
454 69 9 1
487 140 5 2
183 335 9 1
326 405 8 5
189 363 9 7
401 433 1 3
291 54 1 1
223 169 2 1
113 382 8 8
203 353 9 6
494 398 6 8
276 496 3 7
57 329 8 9
299 317 1 6
332 196 8 1
385 259 6 3
177 496 4 3
473 248 5 2
260 424 3 7
365 21 9 7
122 482 5 6
92 364 1 9
320 47 8 7
57 363 9 8
21 346 3 6
274 472 6 9
361 106 6 5
157 292 1 10
213 372 7 10
370 392 7 5
459 167 6 5
25 48 4 10
5 419 3 9
62 97 2 10
73 218 9 10
458 408 1 4
479 446 9 8
411 357 7 10
454 433 1 10
416 463 1 8
212 310 2 2
476 207 3 6
494 134 8 1
331 73 3 7
350 92 9 2
224 165 8 5
464 297 2 4
102 464 8 4
457 281 9 10
417 483 2 9
103 10 1 6
196 126 6 1
341 455 10 5
350 184 4 2
280 444 5 6
167 80 9 2
486 220 4 3
262 179 9 6
416 168 4 10
429 229 9 9
380 263 4 3
360 309 2 2
170 213 2 8
305 51 2 3
73 132 2 4
17 4 8 4
315 35 2 7
304 495 1 6
113 41 7 8
228 223 7 4
403 111 9 9
60 5 2 2
342 279 3 1
61 307 2 10
67 379 5 9
176 5 7 10
206 209 6 9
287 186 3 5
451 218 1 5
227 246 6 8
466 281 2 2
286 228 4 9
85 376 3 10
251 93 10 7
67 52 5 1
168 350 3 2
206 314 9 2
468 241 9 8
416 196 9 1
33 170 7 8
221 252 8 2
261 112 4 5
471 16 4 9
235 162 3 8
177 10 10 3
386 261 1 2
420 382 8 4
15 420 9 10
264 48 7 4
162 272 8 10
137 345 10 6
49 193 7 3
461 400 8 7
406 248 4 5
329 29 1 2
196 374 4 4
259 96 3 9
132 228 4 8
401 443 10 2
205 278 10 4
382 424 6 8
30 380 10 6
299 44 9 5
46 10 3 2
292 403 10 7
180 351 6 5
399 212 5 4
377 209 10 9
366 63 3 1
150 233 10 4
25 443 1 8
181 268 9 3